[
  [
    1.0,
    0.1845,
    0.271,
    0.6115,
    0.195,
    0.43300000000000005
  ],
  [
    0.1845,
    1.0,
    0.20850000000000002,
    0.6835,
    0.725,
    0.37650000000000006
  ],
  [
    0.271,
    0.20850000000000002,
    1.0,
    0.8674999999999999,
    0.3705,
    0.7004999999999999
  ],
  [
    0.6115,
    0.6835,
    0.8674999999999999,
    1.0,
    0.5465,
    0.22099999999999997
  ],
  [
    0.195,
    0.725,
    0.3705,
    0.5465,
    1.0,
    0.162
  ],
  [
    0.43300000000000005,
    0.37650000000000006,
    0.7004999999999999,
    0.22099999999999997,
    0.162,
    1.0
  ]
]